[set]
electrical = 0
boost_every = 20.0
boost_halfw = 5.0
er_scale = 1.0
ca_stim = 0.0
ca_stimt = 2000.0
ip3rtau = 400
#ip3_notorigin = 120400.0
ip3_notorigin = 96320.0
ip3_origin = 120400.0
gserca = 1.9565
gleak = 18.06
stim_minx = 498
stim_maxx = 502
ip3_stim = 1.25
ip3_stimt = 2e3
ip3_init = 0.1
IP3ForceInit = 0
cacyt_init = 0.0001
caAvg_init = 0.0017
cadiff = 0.080 
ip3diff = 1.415
gCaChannels = 1.e-6
spaceum = 1.0
synLoclist = [0.5]
nstimStart = 3000
nstimInterval = 25
nstimNumber = 5
nconnThreshold = 0
nconnDelay = 0
nconnWeight = 0.5
nconnActive = 1

[sstvars]
m_cal = 4.1795192885229201e-06
l_kap = 0.89323822223885241
m_na3 = 0.0062508484631504874
n_kap = 0.00032432496528686684
ca_er = 0.01226866096200032
s_na3 = 1.0
ip3r_gate_state = 0.90225558792959659
ip3 = 0.1
ca_cyt = 4.3436305123460646e-05
n_kdr = 5.179579756650326e-05
h_na3 = 0.99803815375138849
v = -68.927645500091074
m_cat = 0.012531992943261227
h_can = 0.97000895856793268
h_cat = 0.57329440713169955
o_cagk = 0.0020172659561742911
m_can = 0.0018959716051689464

[run]
recdt = 5
tstop = 5000
dt = 1
cvodeactive = 1
runit = 0
simstr = 14sep23_A
saveout = 0
dodraw = 0
loadState = 0
ipydebug = 0
statestr = 14aug12_3000s_save_C
savestate = 0
useInitDict = 0
loadRXDStateOnly = 0
